\ Model Cutting Stock Problem with Aspect Ratio Constraints
\ LP format - for model browsing. Use MPS format to capture full model detail.
Minimize
  - 71573.01300000001 x[0] - 35863.2384 x[1] - 39121.34 x[2]
   - 39848.3371 x[3] - 35369.6056 x[4] - 84563.361 x[5] - 73175.0104 x[6]
   - 30445.269 x[7] - 42321.653 x[8] - 67195.7436 x[9] - 23509.4805 x[10]
   - 132706.8739 x[11] - 16157.9322 x[12] - 60934.2714 x[13]
   - 23453.703 x[14] - 46321.3585 x[15] - 103168.24 x[16]
   - 53943.82000000001 x[17] - 73075.338 x[18] - 124628.7 x[19]
   + 6.4722642024999997e+06 Constant
Subject To
 R0: 71573.01300000001 x[0] <= 4.0080887280000006e+06
 R1: 35863.2384 x[1] <= 2.9766487871999997e+06
 R2: 39121.34 x[2] <= 234728.04
 R3: 39848.3371 x[3] <= 1.7533268323999997e+06
 R4: 35369.6056 x[4] <= 636652.9008000001
 R5: 84563.361 x[5] <= 4.5664214940000009e+06
 R6: 73175.0104 x[6] <= 5.4149507695999993e+06
 R7: 30445.269 x[7] <= 913358.0700000001
 R8: 42321.653 x[8] <= 2.0314393439999998e+06
 R9: 67195.7436 x[9] <= 4.9724850263999999e+06
 R10: 23509.4805 x[10] <= 1.9277774009999998e+06
 R11: 132706.8739 x[11] <= 1.2209032398799999e+07
 R12: 16157.9322 x[12] <= 307000.7118
 R13: 60934.2714 x[13] <= 2.3764365846000002e+06
 R14: 23453.703 x[14] <= 93814.81200000001
 R15: 46321.3585 x[15] <= 4.0762795480000004e+06
 R16: 103168.24 x[16] <= 4.74573904e+06
 R17: 53943.82000000001 x[17] <= 2.5893033600000003e+06
 R18: 73075.338 x[18] <= 5.7729517019999996e+06
 R19: 124628.7 x[19] <= 5.6082915e+06
 R20: 71573.01300000001 x[0] + 35863.2384 x[1] + 39121.34 x[2]
   + 39848.3371 x[3] + 35369.6056 x[4] + 84563.361 x[5] + 73175.0104 x[6]
   + 30445.269 x[7] + 42321.653 x[8] + 67195.7436 x[9] + 23509.4805 x[10]
   + 132706.8739 x[11] + 16157.9322 x[12] + 60934.2714 x[13]
   + 23453.703 x[14] + 46321.3585 x[15] + 103168.24 x[16]
   + 53943.82000000001 x[17] + 73075.338 x[18] + 124628.7 x[19]
   <= 6.4722642024999997e+06
 R21: 1.495601677548492 x[0] >= 0
 R22: 0.7956016775484916 x[0] <= 0
 R23: - 0.1227827082118719 x[1] >= 0
 R24: - 1.112782708211872 x[1] <= 0
 R25: 4.536574585635359 x[2] >= 0
 R26: 3.346574585635359 x[2] <= 0
 R27: 5.743031947699519 x[3] >= 0
 R28: 4.71303194769952 x[3] <= 0
 R29: - 0.2704574218944641 x[4] >= 0
 R30: - 1.090457421894464 x[4] <= 0
 R31: 1.577814504676559 x[5] >= 0
 R32: 0.5378145046765586 x[5] <= 0
 R33: 0.9452398049812919 x[6] >= 0
 R34: - 0.3947601950187081 x[6] <= 0
 R35: 3.330882028665932 x[7] >= 0
 R36: 2.390882028665932 x[7] <= 0
 R37: 1.153243259189332 x[8] >= 0
 R38: 0.5132432591893326 x[8] <= 0
 R39: 1.3991564182348 x[9] >= 0
 R40: 0.6691564182348002 x[9] <= 0
 R41: 5.726403861625101 x[10] >= 0
 R42: 5.346403861625101 x[10] <= 0
 R43: 0.8232453248226201 x[11] >= 0
 R44: - 0.3867546751773799 x[11] <= 0
 R45: 3.624396688952563 x[12] >= 0
 R46: 2.864396688952562 x[12] <= 0
 R47: - 0.00877162538781084 x[13] >= 0
 R48: - 0.6687716253878109 x[13] <= 0
 R49: 0.0301368858469812 x[14] >= 0
 R50: - 0.7298631141530189 x[14] <= 0
 R51: 0.1382469016965467 x[15] >= 0
 R52: - 0.5617530983034532 x[15] <= 0
 R53: 1.836179754544616 x[16] >= 0
 R54: 1.586179754544616 x[16] <= 0
 R55: 1.519691271400505 x[17] >= 0
 R56: 0.7096912714005053 x[17] <= 0
 R57: 0.8829995090819831 x[18] >= 0
 R58: 0.0129995090819832 x[18] <= 0
 R59: 1.806627450980392 x[19] >= 0
 R60: 0.6866274509803922 x[19] <= 0
Bounds
 Constant = 1
End
